pA-B
30.540211,114.318683
30.540105,114.319101
30.539881,114.31968
30.539227,114.321005
30.539077,114.321145
30.538723,114.321856
30.537973,114.323304
30.535893,114.327507
30.534075,114.331171
pB-C
30.534075,114.331171
30.532638,114.33455
pC-D
30.532638,114.33455
30.532597,114.334663
30.532405,114.335261
30.532273,114.335607
30.531534,114.337571
30.530929,114.339185
30.530122,114.341602
30.529381,114.343828
pD-E
30.529381,114.343828
30.528766,114.34577
30.528149,114.347873
30.527768,114.349056
30.527287,114.350553
30.526465,114.353232
pF-G
30.53277,114.316829
30.532742,114.316944
30.532451,114.318334
30.531982,114.319924
30.531594,114.321319
30.531217,114.323084
30.531093,114.323862
pG-H
30.531093,114.323862
30.530996,114.324988
30.530959,114.324983
30.530887,114.325959
30.530785,114.3273
30.530691,114.328443
30.530582,114.3298
30.530554,114.330364
30.530497,114.330822
30.530379,114.331544
30.530275,114.332045
30.529859,114.333585
pI-J
30.524845,114.313342
30.524138,114.314112
30.522549,114.315976
30.52152,114.317253
30.520994,114.31798
30.520929,114.318084
30.520864,114.318245
30.52061,114.318862
30.52046,114.319533
pJ-K
30.52046,114.319533
30.520201,114.320509
30.519979,114.32137
30.519656,114.322572
30.519219,114.32424
30.518764,114.326072
30.518496,114.327153
30.518276,114.32803
pK-L
30.518276,114.32803
30.517937,114.329234
30.517676,114.330227
30.517283,114.33175
30.516906,114.333258
30.51674,114.333867
30.516576,114.334336
30.516236,114.335063
30.515957,114.335487
30.515647,114.335905
pL-M
30.515647,114.335905
30.514896,114.336686
30.514693,114.336895
30.513821,114.337791
30.512842,114.338799
30.511998,114.339671
30.511843,114.339853
30.511499,114.340425
30.511349,114.340771
30.511266,114.341023
30.511157,114.34154
pM-N
30.511157,114.34154
30.511044,114.342324
30.510822,114.343785
30.510496,114.346017
30.510214,114.348034
30.510036,114.349308
30.510027,114.349627
pA-F
30.540211,114.318683
30.538587,114.318296
30.538439,114.318307
30.537085,114.317958
30.535341,114.317486
30.535203,114.317395
30.53277,114.316829
pF-I
30.53277,114.316829
30.532042,114.316655
30.531578,114.316521
30.530261,114.315923
30.529623,114.315544
30.529004,114.315107
30.528339,114.314745
30.527837,114.314547
30.527599,114.314485
30.526442,114.314252
30.526026,114.314158
30.525802,114.314083
30.525666,114.314016
30.525072,114.313549
30.524845,114.313342
pG-J
30.531093,114.323862
30.531035,114.323832
30.529861,114.323009
30.529337,114.322663
30.528979,114.322545
30.52875,114.322513
30.526756,114.322419
30.526509,114.322403
30.526197,114.322312
30.525938,114.322148
30.525599,114.321861
30.524277,114.320753
30.523847,114.320541
30.523159,114.3203
30.521872,114.31994
30.52046,114.319533
pC-H
30.532638,114.33455
30.532641,114.334553
30.531421,114.33417
30.529859,114.333585
pH-K
30.529859,114.333585
30.528972,114.333295
30.528138,114.332928
30.527722,114.332668
30.526761,114.331943
30.525374,114.330903
30.525083,114.330731
30.524427,114.330412
30.522764,114.329862
30.52232,114.32972
30.521465,114.329411
30.520947,114.329218
30.520227,114.328953
30.519697,114.328744
30.519,114.328398
30.518276,114.32803
pD-L
30.529381,114.343828
30.52914,114.343713
30.527879,114.34308
30.526405,114.342348
30.525827,114.342058
30.524332,114.341495
30.523896,114.341374
30.523702,114.341342
30.523445,114.341342
30.523226,114.341347
30.522685,114.341436
30.522447,114.341455
30.52217,114.341446
30.521895,114.341412
30.520504,114.341157
30.5197,114.341015
30.519607,114.34099
30.519538,114.340942
30.51662,114.337241
30.515647,114.335905
pE-M
30.526465,114.353232
30.52479,114.352583
30.524718,114.352535
30.523824,114.352221
30.522743,114.351805
30.521701,114.351392
30.520492,114.350944
30.519991,114.350813
30.519457,114.350727
30.518286,114.35062
30.516922,114.35048
30.516814,114.350494
30.515788,114.350381
30.514579,114.35026
30.51189,114.34996
30.511039,114.349807
30.510027,114.349627