p6-1
30.540199,114.319000
30.54026193,114.31858599
30.54037744,114.31773305
30.54046522,114.31627393
30.54047446,114.31600034
30.54046522,114.31373656
30.54044674,114.31183755
30.540500,114.310000
p1-6
30.540500,114.310000
30.54035434,114.31183219
30.54036358,114.31411743
30.54035896,114.31612909
30.54040054,114.31642413
30.54030814,114.31793153
30.54020649,114.31856453
30.540199,114.319000
p7-2
30.532699,114.316999
30.5327815,114.31679964
30.53292012,114.31574821
30.53303563,114.3144393
30.53325742,114.31249201
30.533433,114.31058764
30.53359934,114.30920362
30.533500,114.308999
p2-7
30.533500,114.308999
30.53346997,114.30921435
30.53331749,114.31098461
30.53315577,114.31271732
30.53294322,114.31441784
30.53281847,114.31605399
30.53270295,114.31676745
30.532699,114.316999
p8-3
30.524100,114.311000
30.52417298,114.31043744
30.5244641,114.30952549
30.52470439,114.30883348
30.52522656,114.30736363
30.52524966,114.30719197
30.5254114,114.30685401
30.525400,114.307000
p3-8
30.525400,114.307000
30.5254114,114.30685401
30.52524966,114.30719197
30.52515724,114.3073529
30.52472287,114.3086189
30.52448721,114.30928409
30.52409904,114.31042671
30.524100,114.311000
p8-4
30.524100,114.311000
30.5240667,114.31048036
30.52384027,114.31027114
30.52315173,114.30985808
30.5223985,114.30940211
30.52157595,114.30884957
30.52131254,114.30842042
30.521300,114.308000
p4-8
30.521300,114.308000
30.52122474,114.30845797
30.5214789,114.30888712
30.5223107,114.30946648
30.52332271,114.31008875
30.52386337,114.31041062
30.52404821,114.31058764
30.524100,114.311000
p5-6
30.543600,114.319000
30.54356996,114.31868792
30.54248886,114.31891322
30.54173577,114.31895077
30.54174039,114.31895077
30.54098269,114.31876302
30.54030352,114.31859672
30.540199,114.319000
p6-5
30.540199,114.319000
30.54028041,114.31869328
30.54154173,114.31899905
30.54200836,114.31902051
30.54260436,114.31900978
30.54337591,114.31890786
30.54356534 ,114.31888103
30.543600,114.319000
p6-7
30.540199,114.319000
30.54015567,114.31855381
30.53853857,114.31814611
30.53830294,114.31804955
30.5354845,114.31739509
30.53517031,114.31736827
30.53282771,114.31681037
30.532699,114.316999
p7-6
30.532699,114.316999
30.53280923,114.31690156
30.53534127,114.31750238
30.53699076,114.31794763
30.53841383,114.31831241
30.53861712,114.31830704
30.54014181,114.31866109
30.540199,114.319000
p7-8
30.532699,114.316999
30.53153856,114.31643486
30.52946849,114.31536734
30.52800832,114.31454122
30.52575797,114.31398869
30.52461659,114.31255102
30.52442713,114.31115627
30.524100,114.311000
p8-7
30.524100,114.311000
30.52436244,114.31126893
30.52447796,114.31242228
30.52527277,114.31372046
30.52573024,114.31408525
30.52811922,114.31463778
30.52975959,114.31561947
30.532699,114.316999
p10-6
30.537700,114.323999
30.53778546,114.32404697
30.53849237,114.32264149
30.53919928,114.32121992
30.53925472,114.32098925
30.54005402,114.31934237
30.54024345,114.31868792
30.540199,114.319000
p6-10
30.540199,114.319000
30.54017877,114.31868255
30.53999396,114.3193531
30.53925472,114.32086051
30.53904681,114.32118773
30.53832604,114.32260394
30.53765609,114.32395041
30.537700,114.323999
p11-7
30.531099,114.323999
30.53108573,114.32388067
30.53128904,114.32263613
30.53165407,114.32125747
30.53231944,114.31869864
30.53243034,114.31826413
30.53276764,114.31687474
30.532699,114.316999
p7-11
30.532699,114.316999
30.53267985,114.31685865
30.5321762,114.31890249
30.53173724,114.3207103
30.53158476,114.3211931
30.53122897,114.32263613
30.53103029,114.32386458
30.531099,114.323999
p12-8
30.520399,114.319999
30.5208227,114.31844652
30.5212155,114.31769013
30.52481067,114.3133986
30.52531898,114.31265831
30.52532822,114.31149423
30.52485688,114.31081831
30.524100,114.311000
p8-12
30.524100,114.311000
30.52514338,114.31136012
30.52534208,114.31197166
30.52519421,114.31274951
30.52393269,114.31424618
30.52118315,114.31755602
30.52081808 ,114.31822121
30.520399,114.319999
p9-10
30.542600,114.326999
30.54250272,114.32694912
30.54175887,114.32648778
30.5408025,114.32595134
30.53967978,114.32525396
30.53854781,114.32455659
30.53778084,114.32406306
30.537700,114.323999
p10-9
30.537700,114.323999
30.5377485,114.32412207
30.53906991,114.32493746
30.54023883,114.32565629
30.54081636,114.3260318
30.54195292,114.32663798
30.54247962,114.32696521
30.542600,114.326999
p11-12
30.531099,114.323999
30.52911269,114.32256639
30.52618771,114.32240009
30.5271812,114.32249129
30.52609529,114.32234645
30.52421457,114.32072103
30.52053619,114.31954086
30.520399,114.319999
p12-11
30.520399,114.319999
30.52048998,114.31962669
30.52150663,114.31991637
30.52419608,114.32078004
30.52619233,114.32248592
30.52917276,114.32268977
30.5310118,114.32393968
30.531099,114.323999
p14-10
30.534099,114.331000
30.53420001,114.33120847
30.53511025,114.32939529
30.53601585,114.32764113
30.53664885,114.32642877
30.53719406,114.32531834
30.5377485,114.32413816
30.537700,114.323999
p10-14
30.537700,114.323999
30.53760065,114.32406843
30.53699076,114.32528079
30.5365472,114.32618201
30.53601123,114.32727098
30.53508714,114.32908952
30.53407988,114.33113873
30.534099,114.331000
p16-11
30.5299,114.334000
30.52982429,114.33371365
30.53049891,114.33087587
30.53075767,114.32754993
30.53107649,114.32718515
30.53128904,114.32499647
30.5309887,114.32496965
30.531099,114.323999
p11-16
30.531099,114.323999
30.53093787,114.32496428
30.53085008,114.32523251
30.53061443,114.32730854
30.53075767,114.32754993
30.53049891,114.33087587
30.52982429,114.33371365
30.5299,114.334000
p17-12
30.518200,114.328000
30.51834111,114.32816148
30.51897423,114.32559729
30.51941324,114.32384849
30.5199493,114.32168126
30.52020347,114.32074249
30.52049922,114.31963742
30.520399,114.319999
p12-17
30.520399,114.319999
30.52041604,114.31959987
30.51990771,114.32155788
30.51952415,114.32311893
30.51914521,114.32453513
30.51863225,114.32659507
30.51825331,114.32809711
30.518200,114.328000
p13-14
30.539799,114.334000
30.53974909,114.3341428
30.53833528,114.33345616
30.53742507,114.33300555
30.53660727,114.33259249
30.53521652,114.33178246
30.53420001,114.3312192
30.534099,114.331000
p14-13
30.534099,114.331000
30.53414918,114.3313694
30.53472213,114.33165371
30.53649176,114.33268368
30.53792407,114.33342934
30.53902371,114.33396041
30.53973061,114.33429301
30.539799,114.334000
p15-14
30.532699,114.334999
30.53273992,114.33459342
30.53302177,114.33391213
30.53336369,114.33317721
30.53352541,114.33281243
30.53378416,114.33214188
30.53413532,114.33138549
30.534099,114.331000
p14-15
30.534099,114.331000
30.53401981,114.33131039
30.53365941,114.33210433
30.53333135,114.3328768
30.53313729,114.33335423
30.53279998,114.3341428
30.53263826,114.33455586
30.532699,114.334999
p15-16
30.532699,114.334999
30.53260592,114.33453977
30.53204221 ,114.33437347
30.53167718,114.33425009
30.53102567,114.33404088
30.53048043,114.33386922
30.52984739,114.3336761
30.5299,114.334000
p16-15
30.5299,114.334000
30.52983353,114.33377802
30.53036029,114.33392823
30.53119201,114.33419108
30.53156628,114.3343091
30.53207917,114.33448076
30.53258744,114.33465242
30.532699,114.334999
p16-17
30.5299,114.334000
30.52975959,114.33366001
30.52874303,114.33331668
30.52606757,114.33150351
30.52465818,114.3306452
30.51963968,114.32880521
30.51838271,114.3281883
30.518200,114.328000
p17-16
30.518200,114.328000
30.51834574,114.32826877
30.51954264,114.32884276
30.52452417,114.33067203
30.52579031,114.33140695
30.52833178,114.33325231
30.52977346,114.33374584
30.5299,114.334000
p18-15
30.529399,114.343999
30.52950545,114.34398115
30.53008767,114.3422538
30.53062367,114.34071958
30.53139532,114.33840215
30.53211152,114.3363905
30.53271219,114.33468997
30.532699,114.334999
p15-18
30.532699,114.334999
30.53258744,114.33468461
30.53240723,114.33523715
30.53175111,114.33705568
30.5312798,114.33842897
30.53048967,114.34074104
30.52940842,114.34390604
30.529399,114.343999
p19-17
30.515599,114.335999
30.5156515,114.33604717
30.51627539,114.33520496
30.51664047,114.3344754
30.517232,114.33244765
30.51766179,114.33069348
30.51832263,114.32825804
30.518200,114.328000
p17-19
30.518200,114.328000
30.51824407,114.3281883
30.51752315,114.33086514
30.51671441,114.33394969
30.51643713,114.33467925
30.51608129,114.33529079
30.51557294,114.33599353
30.515599,114.335999
p18-19
30.529399,114.343999
30.52688084,114.34275806
30.52569789,114.34203923
30.52387261,114.34141695
30.52234767,114.34155107
30.51950567,114.34103072
30.51739375,114.33833241
30.515599,114.335999
p19-18
30.515599,114.335999
30.51769876,114.33883131
30.51942249,114.34105217
30.52236153,114.34163153
30.52379868,114.34149742
30.52570714,114.34212506
30.52688546,114.34283316
30.529399,114.343999
p20-19
30.511099,114.341999
30.51125183,114.3416369
30.51145056,114.34080005
30.51177407,114.34018314
30.51268914,114.33915854
30.51451001,114.33723271
30.51559604,114.33612227
30.515599,114.335999
p19-20
30.515599,114.335999
30.51553596,114.33601499
30.51359496,114.33805346
30.51250428,114.33919072
30.51172323,114.34005976
30.51136275,114.34081078
30.51116402,114.34163153
30.511099,114.341999
p20-21
30.511099,114.341999
30.51111318,114.34167445
30.5102397,114.34151351
30.50945401,114.34136868
30.50853429,114.34119701
30.50783641,114.3410629
30.50734188,114.34097171
30.507300,114.340999
p21-20
30.507300,114.340999
30.50732339,114.34104681
30.50799355,114.34117019
30.50879311,114.34131503
30.50952796,114.34144914
30.51029516,114.34159935
30.51109932,114.34174955
30.511099,114.341999
p23-18
30.526700,114.352999
30.52682539,114.35342252
30.52752776,114.3509227
30.52785122,114.34974253
30.52813771,114.34841216
30.52849813,114.3471247
30.52949621,114.34400797
30.529399,114.343999
p18-23
30.529399,114.343999
30.52937145,114.34398115
30.52793439,114.3485409
30.52796674,114.34848189
30.52747693,114.34992492
30.52704719,114.35129821
30.5264742,114.35328841
30.526700,114.352999
p24-20
30.510000,114.349999
30.51002248,114.34967816
30.51003634,114.34922755
30.51054935,114.34611619
30.51088672,114.34392214
30.51103924,114.34301555
30.51121948,114.34181392
30.511099,114.341999
p20-24
30.511099,114.341999
30.51114091,114.34175491
30.51079891,114.34395969
30.51045229,114.34611619
30.51007794,114.34842288
30.50995777,114.34920073
30.50994853,114.3496567
30.510000,114.349999
p22-23
30.533799,114.355999
30.5337703,114.35621738
30.53188048,114.355461
30.53090091,114.35507476
30.52945001,114.35452759
30.52817005,114.35402334
30.5268485,114.35349762
30.526700,114.352999
p23-22
30.526700,114.352999
30.52679304,114.35357273
30.52792977,114.35401261
30.52965794,114.3546778
30.53126594,114.3552947
30.53229634,114.35569704
30.53374258,114.35628176
30.533799,114.355999
p23-24
30.526700,114.352999
30.52640951,114.35332596
30.52390034,114.35230136
30.52044377,114.35099244
30.51896498,114.3507725
30.51693624,114.35055792
30.51054472,114.3498981
30.510000,114.349999
p24-23
30.510000,114.349999
30.51050313,114.34996784
30.51692238,114.35065985
30.51906665,114.35092807
30.52038831,114.35114801
30.5242007,114.35257494
30.52639103,114.35341716
30.526700,114.352999
p24-25
30.510000,114.349999
30.50988845,114.34968889
30.50955107,114.34954405
30.50911663,114.34928656
30.50854816,114.34898078
30.50793809,114.34864819
30.50712465,114.34818685
30.507100,114.347999
p25-24
30.507100,114.347999
30.50706919,114.34826732
30.50771624,114.34861064
30.50811371,114.34882522
30.50880697,114.34921682
30.50947712,114.34958696
30.50990694,114.34978545
30.510000,114.349999
p26-23
30.523900,114.361999
30.52390496,114.36219871
30.52436706,114.36125994
30.52533746,114.3581754
30.52584576,114.35678065
30.52634944,114.35502648
30.52676532,114.35361564
30.526700,114.352999
p23-26
30.526700,114.352999
30.52641875,114.35348153
30.52563782,114.35630322
30.52538367,114.35757458
30.52461659,114.36017632
30.5242654,114.36124921
30.5238264,114.36214507
30.523900,114.361999
p27-24
30.510100,114.352999
30.51017037,114.35280561
30.51013802,114.35217261
30.51011491,114.35174882
30.51007332,114.35092807
30.51003172,114.35039163
30.5100271,114.34988201
30.510000,114.349999
p24-27
30.510000,114.349999
30.50994853,114.34986055
30.50997164,114.35057402
30.51002248,114.35154498
30.51005021,114.35198486
30.51006869,114.35242474
30.51007794,114.35280561
30.510100,114.352999